2020
4

2019
5093

2018
20809

2017
21116

2016
20382

2015
21211

2014
20605

2013
19281

2012
18533

2011
16939

2010
16119

2009
15473

2008
14055

2007
13338

2006
11957

2005
11026

2004
9674

2003
8589

2002
7769

2001
6553

2000
5907

1999
5031

1998
4062

1997
3599

1996
3116

1995
3019

1994
2770

1993
2650

1992
2357

1991
2015

1990
2150

1989
1902

1988
1795

1987
1472

1986
1463

1985
1363

1984
1186

1983
1023

1982
923

1981
840

1980
759

1979
714

1978
686

1977
677

1976
605

1975
617

1974
699

1973
749

1972
622

1971
462

1970
382

1969
412

1968
340

1967
249

1966
145

1965
159

1964
102

1963
31

1962
20

1961
8

1960
10

1959
11

1958
6

1957
7

1956
2

1955
8

1954
5

1953
7

1952
4

1951
8

1950
9

1949
8

1948
10

1947
4

1946
4

1945
2

1943
2

1940
3

1939
1

1938
1

1937
1

1936
2

1935
2

1933
1

1932
2

1931
2

1929
1

1928
2

1927
1

1926
2

1925
2

1923
1

1922
1

1920
1

1918
1

1916
1

1915
1

1914
1

1908
1

1907
1

1905
1

1904
1

1901
1

1898
1

1897
1

1894
1

1883
1

1878
1
