
2019
1449

2018
7951

2017
8225

2016
7696

2015
7888

2014
7609

2013
8292

2012
8237

2011
7350

2010
6935

2009
6430

2008
5742

2007
5390

2006
4910

2005
4526

2004
4181

2003
3817

2002
3398

2001
2877

2000
2355

1999
2375

1998
2051

1997
1805

1996
1839

1995
1675

1994
1580

1993
1552

1992
1358

1991
1310

1990
1262

1989
1124

1988
1102

1987
973

1986
902

1985
893

1984
874

1983
827

1982
770

1981
675

1980
721

1979
745

1978
746

1977
649

1976
669

1975
730

1974
738

1973
763

1972
567

1971
514

1970
488

1969
459

1968
525

1967
370

1966
331

1965
284

1964
262

1963
190

1962
149

1961
131

1960
128

1959
110

1958
163

1957
111

1956
99

1955
130

1954
105

1953
86

1952
77

1951
81

1950
73

1949
54

1948
40

1947
57

1946
35

1945
21

1944
23

1943
31

1942
40

1941
31

1940
21

1939
25

1938
40

1937
24

1936
19

1935
23

1934
17

1933
29

1932
16

1931
35

1930
26

1929
23

1928
35

1927
44

1926
40

1925
33

1924
27

1923
8

1922
11

1921
10

1920
9

1919
21

1918
10

1917
8

1916
17

1915
17

1914
18

1913
21

1912
16

1911
9

1910
11

1909
17

1908
18

1907
10

1906
7

1905
10

1904
2

1903
6

1902
17

1901
2

1900
5

1899
6

1898
5

1897
2

1896
3

1894
4

1893
4

1892
4

1891
10

1890
5

1888
7

1887
2

1886
2

1885
4

1884
1

1883
3

1882
2

1881
4

1880
2

1879
9

1878
1

1877
8

1876
2

1875
3

1874
2

1873
2

1870
1

1866
3

1865
1

1863
3

1862
3

1860
1

1859
2

1858
3

1856
1

1855
4

1854
1

1853
3

1852
2

1850
1

1847
1

